MEMORY
  total           17283 KB
  struct            159 KB
  buffer           2788 KB
  arena           14336 KB, used 0.3%

SIZES
  narena                14680064
  nbuffer               2854624
  nplugin               0
  maxuse_stack          7636
  maxuse_arena          45028
  maxuse_con            5
  maxuse_efc            39
  ncon                  5
  ne                    2
  nf                    14
  nl                    2
  nefc                  38
  nJ                    912
  nA                    0
  nisland               3
  nidof                 24
  ntree_awake           3
  nbody_awake           30
  nparent_awake         29
  nv_awake              24
  threadpool            0

TIMER
    0:  duration =  0.11       number = 1
    1:  duration =  0.11       number = 1
    2:  duration =  0          number = 0
    3:  duration =  0.087      number = 1
    4:  duration =  0.0081     number = 1
    5:  duration =  0.00096    number = 1
    6:  duration =  0.013      number = 1
    7:  duration =  0.0018     number = 1
    8:  duration =  0.01       number = 1
    9:  duration =  0.0019     number = 1
    10:  duration =  0.06       number = 1
    11:  duration =  0.014      number = 1
    12:  duration =  0.00013    number = 1
    13:  duration =  0.0082     number = 1
    14:  duration =  0.023      number = 1

SOLVER STAT
  solver_fwdinv =   0         0       
  ISLAND 0
    solver_niter = 1
    solver_nnz = 36
      0:  improvement =  1.2e-14     gradient =  7.7e-16     lineslope =  1.7e-31 
          nactive = 16   nchange = 0   neval = 2   nupdate = 0

  ISLAND 1
    solver_niter = 1
    solver_nnz = 81
      0:  improvement =  5.8e-10     gradient =  3.1e-17     lineslope =  0       
          nactive = 8   nchange = 0   neval = 2   nupdate = 0

  ISLAND 2
    solver_niter = 3
    solver_nnz = 81
      0:  improvement =  1.4e+07     gradient =  4.2e+02     lineslope =  0       
          nactive = 8   nchange = 9   neval = 4   nupdate = 7
      1:  improvement =  3.7e+04     gradient =  0.1         lineslope =  0       
          nactive = 8   nchange = 1   neval = 3   nupdate = 1
      2:  improvement =  0.002       gradient =  6.5e-16     lineslope =  0       
          nactive = 8   nchange = 0   neval = 2   nupdate = 0

ENERGY =   0         0       

TIME =  1.6     

QPOS
   0.3     
   3.8e-18 
   0.4     
   1       
   1.2e-17 
   1.1e-19 
   2e-18   
   1.2     
  -3.3     
  -0.53    
   1.3     
   1.3     
   0.45    
  -0.66    
   0.034   
   0.034   
   2.1e-06 
   1e-05   
   7e-07   
   3.7e-06 
   5.7e-07 
  -0.00027 
  -1.9e-06 
  -0.00062 
   0.00019 

QVEL
  -2.1e-18 
   2.1e-18 
  -4.9e-15 
  -1e-15   
   8.6e-17 
   4.7e-17 
   7.3     
  -0.00021 
  -0.15    
  -6.5     
   0.086   
  -0.81    
   0.68    
  -3.1e-09 
  -4.2e-08 
   0.0021  
   0.01    
   0.0007  
   0.0037  
   0.00057 
  -0.27    
  -0.0019  
   1.8     
   1.8     

QACC_WARMSTART
   5e-16   
   2.9e-16 
  -3.3e-13 
  -1.9e-15 
  -5e-14   
  -7.3e-15 
   0.0022  
   6e-07   
   0.0027  
   0.0065  
  -0.00018 
   0.0016  
  -0.00083 
  -1.5e-05 
   1.7e-05 
  -0.017   
  -1.1     
   1.9     
  -0.064   
   5.2     
  -1.6e+02 
  -0.087   
   4.9e+03 
   4.7e+03 

CTRL
   0       
   0       
   0       
   0       
   0       
   0       
   0       
  -0.013   
   0       
   0       
   0       
   0       
   0       
   0       
   0       
   0       
   5       
   0       

QFRC_APPLIED
   0       
   0       
   0       
   0       
   0       
   0       
   0       
   0       
   0       
   0       
   0       
   0       
   0       
   0       
   0       
   0       
   0       
   0       
   0       
   0       
   0       
   0       
   0       
   0       

XFRC_APPLIED
   0         0         0         0         0         0       
   0         0         0         0         0         0       
   0         0         0         0         0         0       
   0         0         0         0         0         0       
   0         0         0         0         0         0       
   0         0         0         0         0         0       
   0         0         0         0         0         0       
   0         0         0         0         0         0       
   0         0         0         0         0         0       
   0         0         0         0         0         0       
   0         0         0         0         0         0       
   0         0         0         0         0         0       
   0         0         0         0         0         0       
   0         0         0         0         0         0       
   0         0         0         0         0         0       
   0         0         0         0         0         0       
   0         0         0         0         0         0       
   0         0         0         0         0         0       
   0         0         0         0         0         0       
   0         0         0         0         0         0       
   0         0         0         0         0         0       
   0         0         0         0         0         0       
   0         0         0         0         0         0       
   0         0         0         0         0         0       
   0         0         0         0         0         0       
   0         0         0         0         0         0       
   0         0         0         0         0         0       
   0         0         0         0         0         0       
   0         0         0         0         0         0       
   0         0         0         0         0         0       

EQ_ACTIVE             1 1

QACC
   5e-16   
   2.9e-16 
  -3.3e-13 
  -1.9e-15 
  -5e-14   
  -7.3e-15 
   0.0022  
   6e-07   
   0.0027  
   0.0065  
  -0.00018 
   0.0016  
  -0.00083 
  -1.5e-05 
   1.7e-05 
  -0.017   
  -1.1     
   1.9     
  -0.064   
   5.2     
  -1.6e+02 
  -0.087   
   4.9e+03 
   4.7e+03 

SENSOR
   0       
   0       
   0       
   1       
   0       
   0       
   0       
   0       
   0       
   0       
   0       
   0       
   0       
   0       
   0       
   0       

TREE_ASLEEP
  -11
  -11
  -11

XPOS
   0         0         0       
   0.3       0         0.2     
   0.3       3.8e-18   0.4     
   0         0         0       
   0         0.031     0.7     
   0         0.093     0.7     
  -0.0097    0.15      0.73    
   0.062     0.14      0.72    
   0.21      0.15      0.75    
   0.25      0.073     0.7     
   0.3       0.041     0.59    
   0.3       0.01      0.61    
   0.32      0.0094    0.61    
   0.29      0.016     0.51    
   0.29      0.021     0.43    
   0.26      0.018     0.49    
   0.34      0.016     0.49    
   0        -0.031     0.7     
   0        -0.093     0.7     
  -0.03     -0.15      0.7     
  -3.5e-18  -0.15      0.63    
  -3.5e-18  -0.18      0.48    
  -3.5e-18  -0.15      0.38    
   0.037    -0.15      0.26    
   0        -0.15      0.26    
   1e-06    -0.17      0.26    
   1e-06    -0.15      0.16    
   1e-06    -0.15      0.082   
   1e-06    -0.15      0.15    
   1e-06    -0.16      0.15    

XQUAT
   1         0         0         0       
   1         0         0         0       
   1         1.3e-17   7.1e-20   1.9e-18 
   1         0         0         0       
   0.71     -0.71      0         0       
   0.58     -0.58      0.41      0.41    
   0.81      0.058     0.58     -0.041   
   0.77     -0.097     0.58     -0.25    
   0.25      0.081     0.93     -0.26    
   0.35      0.62      0.7      -0.057   
   0.21      0.68      0.67     -0.21    
  -0.019     0.72      0.7       0.022   
  -0.019     0.72      0.7       0.022   
  -0.019     0.72      0.7       0.022   
  -0.019     0.72      0.7       0.022   
  -0.019     0.72      0.7       0.022   
  -0.019     0.72      0.7       0.022   
   0.71      0.71      0         0       
   0.71      0.71      0         0       
  -1.8e-06   1         0         0       
  -1.8e-06   1         0         0       
  -1.8e-06   1         0         0       
  -1.8e-06   1         0         0       
  -1.8e-06   1         0         0       
  -1.8e-06   1         0         0       
  -1.8e-06   1         0         0       
  -1.8e-06   1         0         0       
  -1.8e-06   1         0         0       
  -1.8e-06   1         0         0       
  -1.8e-06   1         0         0       

XMAT
   1         0         0         0         1         0         0         0         1       
   1         0         0         0         1         0         0         0         1       
   1        -3.9e-18   1.4e-19   3.9e-18   1        -2.5e-17  -1.4e-19   2.5e-17   1       
   1         0         0         0         1         0         0         0         1       
   1        -0         0         0        -3.7e-06   1        -0        -1        -3.7e-06 
   0.32     -0.95      5.6e-17  -3.5e-06  -1.2e-06   1        -0.95     -0.32     -3.7e-06 
   0.32      0.13      0.94     -3.5e-06   0.99     -0.14     -0.95      0.046     0.32    
   0.21      0.28      0.94     -0.5       0.85     -0.14     -0.84     -0.44      0.32    
  -0.86      0.28      0.42      0.021     0.85     -0.52     -0.51     -0.44     -0.74    
   0.024     0.91      0.42      0.82      0.22     -0.52     -0.57      0.36     -0.74    
   0.024     1        -0.011     0.82     -0.026    -0.57     -0.57      0.0041   -0.82    
   0.026     1         0.0056    1        -0.026     0.058     0.058     0.0041   -1       
   0.026     1         0.0056    1        -0.026     0.058     0.058     0.0041   -1       
   0.026     1         0.0056    1        -0.026     0.058     0.058     0.0041   -1       
   0.026     1         0.0056    1        -0.026     0.058     0.058     0.0041   -1       
   0.026     1         0.0056    1        -0.026     0.058     0.058     0.0041   -1       
   0.026     1         0.0056    1        -0.026     0.058     0.058     0.0041   -1       
   1         0         0         0        -3.7e-06  -1         0         1        -3.7e-06 
   1         0         0         0        -3.7e-06  -1         0         1        -3.7e-06 
   1         0         0         0        -1         3.7e-06   0        -3.7e-06  -1       
   1         0         0         0        -1         3.7e-06   0        -3.7e-06  -1       
   1         0         0         0        -1         3.7e-06   0        -3.7e-06  -1       
   1         0         0         0        -1         3.7e-06   0        -3.7e-06  -1       
   1         0         0         0        -1         3.7e-06   0        -3.7e-06  -1       
   1         0         0         0        -1         3.7e-06   0        -3.7e-06  -1       
   1         0         0         0        -1         3.7e-06   0        -3.7e-06  -1       
   1         0         0         0        -1         3.7e-06   0        -3.7e-06  -1       
   1         0         0         0        -1         3.7e-06   0        -3.7e-06  -1       
   1         0         0         0        -1         3.7e-06   0        -3.7e-06  -1       
   1         0         0         0        -1         3.7e-06   0        -3.7e-06  -1       

XIPOS
   0         0         0       
   0.3       0         0.2     
   0.3       3.3e-18   0.42    
   0         0         0       
  -0.00095   0.062     0.7     
   0.00034   0.15      0.7     
   0.024     0.15      0.73    
   0.14      0.13      0.75    
   0.24      0.09      0.72    
   0.27      0.048     0.67    
   0.3       0.01      0.61    
   0.28      0.014     0.54    
   0.34      0.0089    0.61    
   0.3       0.016     0.5     
   0.29      0.025     0.35    
   0.24      0.026     0.47    
   0.36      0.023     0.47    
  -0.00095  -0.062     0.7     
   0.0011   -0.15      0.7     
  -0.022    -0.15      0.67    
  -0.0021   -0.15      0.54    
  -0.0029   -0.15      0.41    
  -0.003    -0.15      0.34    
   0.00036  -0.15      0.26    
   6.9e-05  -0.14      0.2     
   2e-06    -0.19      0.26    
   1e-06    -0.15      0.15    
   1e-06    -0.15      0.0019  
   0.0065   -0.13      0.12    
   0.0065   -0.18      0.12    

XIMAT
   1         0         0         0         1         0         0         0         1       
   1         0         0         0         1         0         0         0         1       
   1        -3.9e-18   1.4e-19   3.9e-18   1        -2.5e-17  -1.4e-19   2.5e-17   1       
   1         0         0         0         1         0         0         0         1       
   1        -0         0         0        -3.7e-06   1        -0        -1        -3.7e-06 
   0.32     -0.95      5.6e-17  -3.5e-06  -1.2e-06   1        -0.95     -0.32     -3.7e-06 
   0.32      0.13      0.94     -3.5e-06   0.99     -0.14     -0.95      0.046     0.32    
   0.21      0.28      0.94     -0.5       0.85     -0.14     -0.84     -0.44      0.32    
  -0.86      0.28      0.42      0.021     0.85     -0.52     -0.51     -0.44     -0.74    
   0.024     0.91      0.42      0.82      0.22     -0.52     -0.57      0.36     -0.74    
   0.024     1        -0.011     0.82     -0.026    -0.57     -0.57      0.0041   -0.82    
   0.026     1         0.0056    1        -0.026     0.058     0.058     0.0041   -1       
   0.026     1         0.0056    1        -0.026     0.058     0.058     0.0041   -1       
   0.026     1         0.0056    1        -0.026     0.058     0.058     0.0041   -1       
   0.026     1         0.0056    1        -0.026     0.058     0.058     0.0041   -1       
   0.026     1         0.0056    1        -0.026     0.058     0.058     0.0041   -1       
   0.026     1         0.0056    1        -0.026     0.058     0.058     0.0041   -1       
   1         0         0         0        -3.7e-06  -1         0         1        -3.7e-06 
   1         0         0         0        -3.7e-06  -1         0         1        -3.7e-06 
   1         0         0         0        -1         3.7e-06   0        -3.7e-06  -1       
   1         0         0         0        -1         3.7e-06   0        -3.7e-06  -1       
   1         0         0         0        -1         3.7e-06   0        -3.7e-06  -1       
   1         0         0         0        -1         3.7e-06   0        -3.7e-06  -1       
   1         0         0         0        -1         3.7e-06   0        -3.7e-06  -1       
   1         0         0         0        -1         3.7e-06   0        -3.7e-06  -1       
   1         0         0         0        -1         3.7e-06   0        -3.7e-06  -1       
   1         0         0         0        -1         3.7e-06   0        -3.7e-06  -1       
   1         0         0         0        -1         3.7e-06   0        -3.7e-06  -1       
   1         0         0         0        -1         3.7e-06   0        -3.7e-06  -1       
   1         0         0         0        -1         3.7e-06   0        -3.7e-06  -1       

XANCHOR
   0.3       3.8e-18   0.4     
   0         0.093     0.7     
  -0.0097    0.15      0.73    
   0.062     0.14      0.72    
   0.21      0.15      0.75    
   0.25      0.073     0.7     
   0.3       0.041     0.59    
   0.3       0.01      0.61    
   0.29      0.017     0.49    
   0.31      0.016     0.49    
   0        -0.093     0.7     
  -0.03     -0.15      0.7     
  -3.5e-18  -0.15      0.63    
  -3.5e-18  -0.18      0.48    
  -3.5e-18  -0.15      0.38    
   0.037    -0.15      0.26    
   0        -0.15      0.26    
   1e-06    -0.15      0.15    
   1e-06    -0.16      0.15    

XAXIS
   0         0         1       
   0         1        -3.7e-06 
  -0.32      3.5e-06   0.95    
   0.94     -0.14      0.32    
   0.28      0.85     -0.44    
   0.42     -0.52     -0.74    
   0.024     0.82     -0.57    
  -1         0.026    -0.0041  
  -1         0.026    -0.0041  
   1        -0.026     0.0041  
   0        -1        -3.7e-06 
  -1         0         0       
   0         3.7e-06  -1       
   0        -1        -3.7e-06 
   0         3.7e-06  -1       
   1         0         0       
   0        -1        -3.7e-06 
   0         1         3.7e-06 
   0        -1        -3.7e-06 

GEOM_XPOS
   0         0         0       
   0.3       0         0.2     
   0.29      0.0067    0.42    
   0.3       3.3e-18   0.42    
   1.1e-18  -1.2e-12   0.38    
   0.015     0.034     0.054   
  -0.052     4.1e-07   0.046   
  -0.00083  -0.00087   0.024   
   1.1e-18  -1.2e-12   0.38    
  -0.011     1.1e-08   0.047   
  -0.014     3.8e-08   0.69    
  -0.0016    0.06      0.7     
  -0.0029    0.054     0.7     
   0.00027   0.058     0.7     
   0.004     0.14      0.69    
   0.0089    0.15      0.67    
   5.4e-06   0.15      0.7     
   0.0051    0.13      0.68    
   0.019     0.15      0.73    
   0.045     0.12      0.72    
   0.027     0.15      0.73    
   0.011     0.15      0.73    
   0.13      0.14      0.75    
   0.16      0.13      0.75    
   0.12      0.14      0.75    
   0.14      0.13      0.75    
   0.23      0.095     0.73    
   0.23      0.087     0.72    
   0.23      0.1       0.74    
   0.24      0.089     0.73    
   0.26      0.05      0.67    
   0.27      0.043     0.67    
   0.27      0.042     0.65    
   0.26      0.054     0.67    
   0.3       0.01      0.61    
   0.3       0.0093    0.61    
   0.3       0.011     0.61    
   0.29      0.013     0.55    
   0.29      0.013     0.55    
   0.3       0.014     0.54    
   0.3       0.016     0.51    
   0.3       0.016     0.5     
   0.3       0.016     0.5     
   0.25      0.022     0.47    
   0.25      0.018     0.49    
   0.25      0.019     0.47    
   0.35      0.019     0.47    
   0.35      0.015     0.49    
   0.35      0.017     0.47    
  -0.0016   -0.06      0.7     
  -0.0029   -0.054     0.7     
   0.00027  -0.058     0.7     
   0.012    -0.14      0.7     
   0.028    -0.15      0.7     
   0.00019  -0.15      0.7     
   0.016    -0.13      0.7     
  -0.022    -0.15      0.67    
  -0.0096   -0.13      0.64    
  -0.019    -0.15      0.66    
  -0.024    -0.15      0.68    
  -0.0065   -0.15      0.56    
  -0.00029  -0.15      0.53    
  -0.012    -0.15      0.57    
  -0.0022   -0.15      0.55    
  -0.0072   -0.15      0.43    
  -0.00036  -0.15      0.41    
  -0.0035   -0.16      0.43    
  -0.0091   -0.15      0.41    
   2.3e-05  -0.15      0.34    
  -0.0067   -0.15      0.34    
   0.00051  -0.15      0.32    
  -0.00094  -0.16      0.35    
   0.00037  -0.15      0.26    
  -0.00061  -0.15      0.26    
   0.0012   -0.15      0.26    
   1.5e-06  -0.16      0.2     
  -2.7e-06  -0.16      0.21    
   0.00018  -0.15      0.2     
   2e-06    -0.15      0.16    
   2e-06    -0.15      0.15    
   2e-06    -0.15      0.16    
   0.0027   -0.14      0.13    
   2e-06    -0.14      0.15    
   0.0001   -0.14      0.12    
   0.0027   -0.17      0.13    
   2e-06    -0.17      0.15    
   0.0001   -0.17      0.12    

GEOM_XMAT
   1         0         0         0         1         0         0         0         1       
   1         0         0         0         1         0         0         0         1       
   0.2      -0.91     -0.35     -0.07      0.35     -0.93      0.98      0.22      0.0077  
   1        -3.9e-18   1.4e-19   3.9e-18   1        -2.5e-17  -1.4e-19   2.5e-17   1       
   1         0         0         0         1         0         0         0         1       
   1         0         0         0         0        -1         0         1         0       
  -1.3e-05   0.54      0.84      1         1.5e-05   5.4e-06  -9.9e-06   0.84     -0.54    
   0.92     -0.4       0.011     0.019     0.017    -1         0.4       0.92      0.023   
   1         0         0         0         1         0         0         0         1       
   0.99      9.3e-06  -0.13     -8.9e-06   1         3.6e-06   0.13     -2.3e-06   0.99    
  -0.00025  -0.93      0.38      1        -0.00028  -1.8e-05   0.00012   0.38      0.93    
  -0.15     -0.99      3.7e-17   0.99     -0.15      3.7e-06  -3.6e-06   5.6e-07   1       
  -0.43     -0.9      -0.046     0.9      -0.42     -0.087     0.059    -0.079     1       
   0.02      0.58      0.81      1        -0.014    -0.015     0.0024    0.81     -0.58    
   0.32     -0.94      0.093    -0.29     -0.0017    0.96     -0.9      -0.33     -0.27    
   0.29     -0.95      0.14     -0.43      3e-05     0.9      -0.85     -0.32     -0.41    
   0.34     -0.011     0.94      0.039     1        -0.0018   -0.94      0.037     0.34    
   0.27     -0.95      0.17     -0.51      0.0094    0.86     -0.82     -0.31     -0.48    
  -0.11      0.13      0.98      0.064     0.99     -0.13     -0.99      0.048    -0.12    
   0.32      0.13      0.94     -3.5e-06   0.99     -0.14     -0.95      0.046     0.32    
  -0.028     0.19      0.98      0.73      0.67     -0.11     -0.68      0.71     -0.16    
  -0.18      0.14      0.97      0.065     0.99     -0.13     -0.98      0.04     -0.18    
   0.28     -0.22      0.93      0.85      0.5      -0.13     -0.44      0.84      0.33    
   0.19      0.27      0.94     -0.55      0.82     -0.12     -0.81     -0.5       0.31    
   0.28     -0.52      0.81      0.85      0.52      0.037    -0.44      0.68      0.59    
   0.32      0.34      0.88     -0.41      0.89     -0.2      -0.85     -0.3       0.43    
  -0.89      0.28      0.37      0.053     0.85     -0.52     -0.46     -0.44     -0.77    
   0.43      0.87     -0.24     -0.53      0.027    -0.85     -0.73      0.5       0.47    
  -0.89      0.32      0.31      0.034     0.74     -0.67     -0.45     -0.59     -0.67    
   0.64     -0.28     -0.71     -0.51     -0.85     -0.12     -0.58      0.44     -0.69    
   0.91     -0.025     0.42      0.22     -0.82     -0.52      0.36      0.57     -0.74    
   0.062     0.99     -0.096     0.79     -0.11     -0.6      -0.61     -0.039    -0.79    
   0.9      -0.12      0.43      0.17     -0.79     -0.58      0.41      0.6      -0.69    
   0.2       0.22     -0.95     -0.5      -0.81     -0.29     -0.84      0.54     -0.056   
  -0.011    -0.84      0.55     -0.57      0.46      0.69     -0.82     -0.3      -0.48    
   1        -0.072    -0.069     0.041    -0.33      0.94     -0.09     -0.94     -0.33    
  -0.024     0.34     -0.94     -0.57     -0.78     -0.26     -0.82      0.53      0.21    
   0.026     0.91      0.42      1        -0.048     0.042     0.058     0.42     -0.91    
   0.037     0.94      0.33      1        -0.055     0.047     0.062     0.33     -0.94    
   0.006    -1         0.025     0.07      0.026     1        -1        -0.0041    0.07    
   0.0056   -0.026    -1         0.058    -1         0.026    -1        -0.058    -0.0041  
   0.0056   -0.026    -1         0.058    -1         0.026    -1        -0.058    -0.0041  
   0.0056   -0.026    -1         0.058    -1         0.026    -1        -0.058    -0.0041  
   0.96     -0.13      0.25     -0.099    -0.98     -0.15      0.27      0.12     -0.96    
   0.033    -0.026    -1         0.057    -1         0.027    -1        -0.058    -0.031   
   0.98     -0.027     0.21     -0.041    -1         0.062     0.21     -0.069    -0.98    
   0.96      0.082    -0.25      0.049    -0.99     -0.13     -0.26      0.12     -0.96    
  -0.022    -0.026    -1         0.059    -1         0.024    -1        -0.058     0.023   
   0.98     -0.024    -0.2      -0.01     -1         0.072    -0.2      -0.069    -0.98    
  -0.15     -0.99     -3.7e-17  -0.99      0.15      3.7e-06  -3.6e-06   5.6e-07  -1       
  -0.43     -0.9      -0.046    -0.9       0.42      0.087    -0.059     0.079    -1       
   0.02      0.58      0.81     -1         0.014     0.015    -0.0024   -0.81      0.58    
   0.96     -0.0064    0.29      0.29     -0.0017   -0.96      0.0066    1         0.00026 
   0.9       1.5e-05   0.43      0.43     -3.5e-05  -0.9       1.6e-06   1        -3.8e-05 
   1        -0.039    -0.015    -0.039    -1         0.0018   -0.015    -0.0012   -1       
   0.86     -0.0084    0.51      0.51     -0.0094   -0.86      0.012     1        -0.0037  
   0.9       0.0022    0.43      0.0023   -1         0.00028   0.43      0.00074  -0.9     
   1         0         0         0        -1         3.7e-06   0        -3.7e-06  -1       
   0.64     -0.61      0.47     -0.69     -0.73     -0.016     0.35     -0.31     -0.88    
   0.87      0.0064    0.49      0.0044   -1         0.0052    0.49     -0.0024   -0.87    
   0.00031  -1        -0.013    -1        -0.00031   3.2e-05  -3.6e-05   0.013    -1       
   1         0.061     0.00025   0.061    -1        -0.021    -0.001     0.021    -1       
  -0.00017  -0.94     -0.34     -1         0.00018   8.7e-06   5.2e-05   0.34     -0.94    
   0.99     -0.12     -0.073    -0.12     -0.99      0.11     -0.085    -0.098    -0.99    
   1         0.00033   0.062     0.00027  -1         0.00094   0.062    -0.00092  -1       
  -0.015    -1        -0.047     0.011    -0.047     1        -1         0.014     0.011   
   1         0.034     0.057     0.022    -0.98      0.19      0.062    -0.19     -0.98    
  -0.27     -7.8e-05   0.96     -0.0013    1        -0.00028  -0.96     -0.0013   -0.27    
  -7.4e-07  -1        -0.0042   -1        -1.5e-08   0.00018  -0.00018   0.0042   -1       
   1        -0.043    -0.048    -0.013    -0.86      0.51     -0.063    -0.5      -0.86    
  -0.064    -0.99     -0.079    -1         0.065    -0.0062    0.011     0.078    -1       
   0.069    -0.97     -0.23      0.23     -0.21      0.95     -0.97     -0.12      0.21    
  -0.00025  -0.53      0.85      7.7e-05   0.85      0.53     -1         0.0002   -0.00018 
  -0.11      0.25      0.96     -0.99     -0.067    -0.094     0.04     -0.96      0.26    
  -0.0027   -0.93      0.36     -0.012     0.36      0.93     -1        -0.0019   -0.012   
   1         0         0         0        -0.91      0.42      0        -0.42     -0.91    
   1         0.012    -0.00019   0.011    -0.95      0.32      0.0036   -0.32     -0.95    
   0.012     0         1         3.7e-06   1        -4.4e-08  -1         3.7e-06   0.012   
   0        -1         0         3.7e-06   0         1        -1         0         3.7e-06 
   0        -1         0         3.7e-06   0         1        -1         0         3.7e-06 
   0        -1         0         3.7e-06   0         1        -1         0         3.7e-06 
  -0.058    -0.98     -0.2      -0.96      0.11     -0.25      0.27      0.17     -0.95    
   5.6e-17  -1         0        -0.027     0         1        -1         0        -0.027   
  -0.0033   -1         0.01     -0.98      0.0012   -0.2       0.2      -0.011    -0.98    
   0.058    -0.98     -0.2      -0.96     -0.11      0.25     -0.27      0.17     -0.95    
   0        -1         0         0.027     0         1        -1         0         0.027   
   0.0033   -1         0.01     -0.98     -0.0012    0.2      -0.2      -0.011    -0.98    

SITE_XPOS
   0         0         0       

SITE_XMAT
   1         0         0         0         1         0         0         0         1       

CAM_XPOS
   0         2         0.5     
  -2         0         0.5     
  -0.14      0.007     1       

CAM_XMAT
  -1        -2.5e-32   1.2e-16   1.2e-16  -2.2e-16   1         0         1         2.2e-16 
  -2.2e-16   2.2e-16  -1        -1         0         2.2e-16   0         1         2.2e-16 
   0.01      0.81     -0.59     -1         0.0081   -0.0059    0         0.59      0.81    

LIGHT_XPOS
   0         0         1.5     

LIGHT_XDIR
   0         0        -1       

SUBTREE_COM
   0.25     -0.0018    0.21    
   0.3       0         0.2     
   0.3       3.3e-18   0.42    
   0.031    -0.011     0.28    
   0.13      0.087     0.68    
   0.17      0.093     0.68    
   0.22      0.076     0.67    
   0.23      0.07      0.67    
   0.27      0.043     0.63    
   0.28      0.025     0.6     
   0.29      0.014     0.56    
   0.29      0.016     0.52    
   0.3       0.019     0.49    
   0.3       0.019     0.49    
   0.29      0.025     0.35    
   0.24      0.026     0.47    
   0.36      0.023     0.47    
  -0.0018   -0.13      0.51    
  -0.002    -0.15      0.47    
  -0.003    -0.15      0.4     
  -0.0015   -0.15      0.37    
  -0.0013   -0.15      0.3     
  -0.00068  -0.15      0.26    
   0.00058  -0.15      0.21    
   0.00072  -0.14      0.18    
   0.0021   -0.15      0.14    
   0.0021   -0.15      0.14    
   1e-06    -0.15      0.0019  
   0.0065   -0.13      0.12    
   0.0065   -0.18      0.12    

CDOF
   0         0         0         1         0         0       
   0         0         0         0         1         0       
   0         0         0         0         0         1       
   1         3.9e-18  -1.4e-19   7.8e-20  -0.02     -5.1e-19 
  -3.9e-18   1         2.5e-17   0.02      7.8e-20   2e-36   
   1.4e-19  -2.5e-17   1        -2.1e-33  -2.8e-21  -7.2e-38 
   0         1        -3.7e-06  -0.42     -1.1e-07  -0.031   
  -0.32      3.5e-06   0.95      0.16     -0.11      0.053   
   0.94     -0.14      0.32      0.11      0.4      -0.15    
   0.28      0.85     -0.44     -0.48      0.21      0.11    
   0.42     -0.52     -0.74      0.16      0.34     -0.15    
   0.024     0.82     -0.57     -0.28      0.16      0.22    
  -1         0.026    -0.0041   -0.0086   -0.33      0.028   
   0         0         0        -1         0.026    -0.0041  
   0         0         0         1        -0.026     0.0041  
   0        -1        -3.7e-06   0.42     -1.1e-07   0.031   
  -1         0         0        -0        -0.42     -0.14    
   0         3.7e-06  -1         0.14     -0.031    -1.1e-07 
   0        -1        -3.7e-06   0.2      -1.1e-07   0.031   
   0         3.7e-06  -1         0.14     -0.031    -1.1e-07 
   1         0         0         0        -0.015     0.14    
   0        -1        -3.7e-06  -0.015    -1.1e-07   0.031   
   0         0         0         0         1         3.7e-06 
   0         0         0         0        -1        -3.7e-06 

CINERT
   0         0         0         0         0         0         0         0         0         0       
   8.5       3.4       8.5       0         0         0         0         0         0         1.3e+02 
   0.00021   4.2e-05   0.00021   6.5e-22   1.8e-38  -4.2e-21   0        -3.9e-35  -5.6e-18   0.1     
   2.7       2.7       0.066     0.0047   -0.12      0.042    -0.43      0.15     -3.8       14      
   0.21      0.2       0.0082    0.0026    0.015    -0.035    -0.036     0.083     0.48      1.1     
   0.23      0.2       0.031     0.0055    0.015    -0.076    -0.035     0.18      0.48      1.1     
   0.064     0.057     0.0075    0.00034   0.00088  -0.02     -0.002     0.044     0.13      0.28    
   0.26      0.26      0.04     -0.017    -0.059    -0.073     0.12      0.15      0.51      1.1     
   0.13      0.15      0.034    -0.013    -0.058    -0.029     0.13      0.064     0.28      0.63    
   0.096     0.13      0.036    -0.0085   -0.056    -0.014     0.14      0.036     0.24      0.62    
   0.052     0.086     0.034    -0.0027   -0.042    -0.0033    0.13      0.01      0.16      0.48    
   0.033     0.062     0.03     -0.0029   -0.031    -0.0031    0.12      0.012     0.12      0.47    
   0         0         0         0         0         0         0         0         0         0       
   0.0077    0.018     0.011    -0.0011   -0.0088   -0.00091   0.04      0.0041    0.033     0.15    
   0         0         0         0         0         0         0         0         0         0       
   0.0014    0.003     0.0017   -0.00028  -0.0015   -0.00026   0.0076    0.0013    0.007     0.036   
   0.0014    0.0052    0.0039   -0.0004   -0.0023   -0.00024   0.012     0.0012    0.007     0.036   
   0.21      0.21      0.0051   -0.0018    0.015     0.024    -0.036    -0.058     0.48      1.1     
   0.23      0.2       0.024    -0.0046    0.014     0.066    -0.034    -0.16      0.48      1.1     
   0.048     0.043     0.0066   -0.0021    0.0057    0.015    -0.015    -0.04      0.11      0.28    
   0.1       0.082     0.024    -0.0051    0.0094    0.041    -0.035    -0.15      0.29      1.1     
   0.027     0.014     0.015    -0.0031    0.0029    0.013    -0.021    -0.091     0.087     0.63    
   0.015     0.0035    0.014    -0.003     0.0013    0.0055   -0.021    -0.088     0.038     0.62    
   0.01      0.00071   0.01     -0.0021   -0.00022  -0.001    -0.014    -0.068    -0.0071    0.48    
   0.011     0.004     0.0081   -0.0018   -0.0012   -0.0048   -0.014    -0.058    -0.038     0.47    
   0         0         0         0         0         0        -0        -0        -0         0       
   0.0054    0.0027    0.0033   -0.00065  -0.00058  -0.0026   -0.0046   -0.021    -0.019     0.15    
   0         0         0         0         0         0        -0        -0        -0         0       
   0.0014    0.00086   0.00057  -0.00011  -0.00013  -0.00068  -0.00088  -0.0044   -0.0055    0.036   
   0.0018    0.00086   0.001    -0.00015  -0.00013  -0.00091  -0.00088  -0.006    -0.0055    0.036   

TEN_LENGTH
  -0.002   
   0.034   

TEN_MOMENT
   0         0         0         0         0         0         0         0         0         0         0         0         0         0         0         0         0         0         0         0         0         0         0.5       0.5     
   0         0         0         0         0         0         0         0         0         0         0         0         0         0.5       0.5       0         0         0         0         0         0         0         0         0       

TENDON 0: 0 wrap points

TENDON 1: 0 wrap points

ACTUATOR_LENGTH
   1.2     
  -3.3     
  -0.53    
   1.3     
   1.3     
   0.45    
  -0.66    
   0.034   
   0.034   
   0       
   0       
   0       
   0       
   0       
   0       
   0       
  -0.0025  
  -0.0016  

actuator_moment
--------------------------
       x                  |
        x                 |
         x                |
          x               |
           x              |
            x             |
             x            |
              x           |
               x          |
                x         |
                 x        |
                  x       |
                   x      |
                    x     |
                     x    |
                      x   |
                       x  |
                        x |
--------------------------

ACTUATOR_MOMENT
     6:  1       
     7:  1       
     8:  1       
     9:  1       
    10:  1       
    11:  1       
    12:  1       
    13:  1       
    14:  1       
    15:  1       
    16:  1       
    17:  1       
    18:  1       
    19:  1       
    20:  1       
    21:  1       
    22:  1       
    23:  1       

CRB
   0         0         0         0         0         0         0         0         0         0       
   8.5       3.4       8.5       0         0         0         0         0         0         1.3e+02 
   0.00021   4.2e-05   0.00021   6.5e-22   1.8e-38  -4.2e-21   0        -3.9e-35  -5.6e-18   0.1     
   4.5       4.5       0.41     -0.057    -0.3      -0.058     0        -1.1e-16   4.4e-16   26      
   1.1       1.2       0.24     -0.038    -0.23     -0.25      0.63      0.59      2.4       6.1     
   0.88      0.97      0.23     -0.04     -0.24     -0.22      0.66      0.51      2         4.9     
   0.65      0.77      0.2      -0.046    -0.26     -0.14      0.7       0.33      1.5       3.8     
   0.59      0.71      0.19     -0.046    -0.26     -0.12      0.7       0.28      1.4       3.5     
   0.33      0.46      0.15     -0.029    -0.2      -0.051     0.58      0.13      0.85      2.4     
   0.19      0.3       0.12     -0.016    -0.14     -0.022     0.45      0.065     0.57      1.8     
   0.096     0.17      0.08     -0.0074   -0.085    -0.0078    0.3       0.029     0.33      1.2     
   0.044     0.088     0.046    -0.0047   -0.043    -0.0045    0.18      0.018     0.17      0.69    
   0.011     0.026     0.016    -0.0018   -0.013    -0.0014    0.059     0.0066    0.047     0.22    
   0.011     0.026     0.016    -0.0018   -0.013    -0.0014    0.059     0.0066    0.047     0.22    
   0         0         0         0         0         0         0         0         0         0       
   0.0014    0.003     0.0017   -0.00028  -0.0015   -0.00026   0.0076    0.0013    0.007     0.036   
   0.0014    0.0052    0.0039   -0.0004   -0.0023   -0.00024   0.012     0.0012    0.007     0.036   
   0.65      0.56      0.11     -0.024     0.047     0.15     -0.2      -0.74      1.4       6.1     
   0.45      0.36      0.11     -0.023     0.031     0.13     -0.16     -0.69      0.92      4.9     
   0.22      0.15      0.082    -0.018     0.017     0.064    -0.13     -0.53      0.44      3.8     
   0.17      0.11      0.076    -0.016     0.011     0.049    -0.11     -0.49      0.34      3.5     
   0.072     0.027     0.052    -0.011     0.002     0.0081   -0.077    -0.34      0.051     2.4     
   0.045     0.013     0.037    -0.0078   -0.00093  -0.0045   -0.056    -0.25     -0.037     1.8     
   0.03      0.0092    0.023    -0.0048   -0.0022   -0.01     -0.035    -0.16     -0.075     1.2     
   0.02      0.0085    0.013    -0.0027   -0.002    -0.009    -0.021    -0.09     -0.068     0.69    
   0.0086    0.0045    0.0048   -0.0009   -0.00085  -0.0042   -0.0064   -0.031    -0.03      0.22    
   0.0086    0.0045    0.0048   -0.0009   -0.00085  -0.0042   -0.0064   -0.031    -0.03      0.22    
   0         0         0         0         0         0        -0        -0        -0         0       
   0.0014    0.00086   0.00057  -0.00011  -0.00013  -0.00068  -0.00088  -0.0044   -0.0055    0.036   
   0.0018    0.00086   0.001    -0.00015  -0.00013  -0.00091  -0.00088  -0.006    -0.0055    0.036   

QM
   0.1     
   0         0.1     
   0         0         0.1     
   7.8e-21  -0.002    -5.1e-20   0.00025 
   0.002     7.8e-21   2e-37     4.7e-38   8.2e-05 
  -3.2e-35  -2.8e-22  -7.2e-39   5.7e-24  -2.2e-41   0.00021 
                                                               0.24    
                                                              -0.046     0.2     
                                                               0.032     0.09      0.091   
                                                               0.094    -0.047    -0.00027   0.092   
                                                              -0.0059    0.0092    0.01     -0.0073    0.0044  
                                                               0.0072   -0.0047   -0.0026    0.012    -0.0022    0.0044  
                                                               0.0014   -0.012    -0.015    -0.0014   -0.003    -0.00035   0.006   
                                                               0.0082   -0.0042   -0.0023    0.011    -0.0029    0.0038    1e-18     0.036   
                                                              -0.0082    0.0042    0.0023   -0.011     0.0029   -0.0038   -1e-18               0.036   
                                                                                                                                                         0.44    
                                                                                                                                                        -4.7e-06   0.44    
                                                                                                                                                         0.0037   -0.0012    0.003   
                                                                                                                                                         0.2      -3.5e-06   0.0022    0.1     
                                                                                                                                                         0.004    -0.00032   0.0012    0.0023    0.0012  
                                                                                                                                                        -3.9e-07  -0.031    -6.6e-05  -3.9e-07  -6.6e-05   0.0063  
                                                                                                                                                         0.031     3.3e-07   0.00057   0.018     0.00057  -3.3e-07   0.006   
                                                                                                                                                        -1.1e-15  -0.021    -0.00023   0        -0.00023   0.0049   -8.3e-25   0.036   
                                                                                                                                                         1.1e-15   0.021     0.00023   0         0.00023  -0.0049    8.3e-25             0.036   

M
     0:  0.1     
     0:  0          1:  0.1     
     0:  0          1:  0          2:  0.1     
     0:  7.8e-21    1: -0.002      2: -5.1e-20    3:  0.00025 
     0:  0.002      1:  7.8e-21    2:  2e-37      3:  4.7e-38    4:  8.2e-05 
     0: -3.2e-35    1: -2.8e-22    2: -7.2e-39    3:  5.7e-24    4: -2.2e-41    5:  0.00021 
     6:  0.24    
     6: -0.046      7:  0.2     
     6:  0.032      7:  0.09       8:  0.091   
     6:  0.094      7: -0.047      8: -0.00027    9:  0.092   
     6: -0.0059     7:  0.0092     8:  0.01       9: -0.0073    10:  0.0044  
     6:  0.0072     7: -0.0047     8: -0.0026     9:  0.012     10: -0.0022    11:  0.0044  
     6:  0.0014     7: -0.012      8: -0.015      9: -0.0014    10: -0.003     11: -0.00035   12:  0.006   
     6:  0.0082     7: -0.0042     8: -0.0023     9:  0.011     10: -0.0029    11:  0.0038    12:  1e-18     13:  0.036   
     6: -0.0082     7:  0.0042     8:  0.0023     9: -0.011     10:  0.0029    11: -0.0038    12: -1e-18     14:  0.036   
    15:  0.44    
    15: -4.7e-06   16:  0.44    
    15:  0.0037    16: -0.0012    17:  0.003   
    15:  0.2       16: -3.5e-06   17:  0.0022    18:  0.1     
    15:  0.004     16: -0.00032   17:  0.0012    18:  0.0023    19:  0.0012  
    15: -3.9e-07   16: -0.031     17: -6.6e-05   18: -3.9e-07   19: -6.6e-05   20:  0.0063  
    15:  0.031     16:  3.3e-07   17:  0.00057   18:  0.018     19:  0.00057   20: -3.3e-07   21:  0.006   
    15: -1.1e-15   16: -0.021     17: -0.00023   18:  0         19: -0.00023   20:  0.0049    21: -8.3e-25   22:  0.036   
    15:  1.1e-15   16:  0.021     17:  0.00023   18:  0         19:  0.00023   20: -0.0049    21:  8.3e-25   23:  0.036   

QLD
     0:  0.051   
     0: -1.5e-18    1:  0.084   
     0: -3.3e-35    1: -4.1e-18    2:  0.1     
     0:  3.1e-17    1: -8.1        2: -2e-16      3:  0.00025 
     0:  24         1:  9.5e-17    2:  2.4e-33    3:  5.8e-34    4:  8.2e-05 
     0: -1.5e-31    1: -1.4e-18    2: -3.5e-35    3:  2.7e-20    4: -1.1e-37    5:  0.00021 
     6:  0.092   
     6: -0.41       7:  0.074   
     6:  0.71       7:  1.2        8:  0.048   
     6:  1.3        7: -0.62       8:  0.11       9:  0.056   
     6: -0.73       7: -0.0071     8:  0.52       9: -0.77      10:  0.0015  
     6:  1.5        7: -1.3        8: -0.83       9:  2.8       10: -0.51      11:  0.0036  
     6:  0.23       7: -2.1        8: -2.6        9: -0.23      10: -0.5       11: -0.059     12:  0.006   
     6:  0.23       7: -0.12       8: -0.065      9:  0.3       10: -0.08      11:  0.1       12:  2.9e-17   13:  0.036   
     6: -0.23       7:  0.12       8:  0.065      9: -0.3       10:  0.08      11: -0.1       12: -2.9e-17   14:  0.036   
    15:  0.05    
    15: -0.00066   16:  0.28    
    15: -0.11      16: -0.49      17:  0.0018  
    15:  2.3       16:  0.0063    17: -0.0011    18:  0.045   
    15:  0.93      16: -0.53      17:  1         18:  0.48      19:  0.0011  
    15:  0.00027   16: -5.2       17: -0.00042   18:  0.00013   19: -0.00042   20:  0.0049  
    15:  5.2       16:  5.5e-05   17:  0.095     18:  3.1       19:  0.095     20: -5.5e-05   21:  0.006   
    15: -3.2e-14   16: -0.57      17: -0.0065    18:  0         19: -0.0065    20:  0.14      21: -2.3e-23   22:  0.036   
    15:  3.2e-14   16:  0.57      17:  0.0065    18:  0         19:  0.0065    20: -0.14      21:  2.3e-23   23:  0.036   

QLDIAGINV
   20      
   12      
   10      
   4e+03   
   1.2e+04 
   4.8e+03 
   11      
   14      
   21      
   18      
   6.6e+02 
   2.8e+02 
   1.7e+02 
   28      
   28      
   20      
   3.5     
   5.6e+02 
   22      
   8.9e+02 
   2e+02   
   1.7e+02 
   28      
   28      

M: inertia structure
--------------------------
 x                        |
 xx                       |
 xxx                      |
 xxxx                     |
 xxxxx                    |
 xxxxxx                   |
       x                  |
       xx                 |
       xxx                |
       xxxx               |
       xxxxx              |
       xxxxxx             |
       xxxxxxx            |
       xxxxxxxx           |
       xxxxxxx x          |
                x         |
                xx        |
                xxx       |
                xxxx      |
                xxxxx     |
                xxxxxx    |
                xxxxxxx   |
                xxxxxxxx  |
                xxxxxxx x |
--------------------------

iM: block-diagonal inertia (nnzs are island ids)
--------------------------
 0                        |
 00                       |
 000                      |
 0000                     |
 00000                    |
 000000                   |
       1                  |
       11                 |
       111                |
       1111               |
       11111              |
       111111             |
       1111111            |
       11111111           |
       1111111 1          |
                2         |
                22        |
                222       |
                2222      |
                22222     |
                222222    |
                2222222   |
                22222222  |
                2222222 2 |
--------------------------

QH
     0:  0.051   
     0: -1.5e-18    1:  0.084   
     0: -3.3e-35    1: -4.1e-18    2:  0.1     
     0:  3.1e-17    1: -8.1        2: -2e-16      3:  0.00025 
     0:  24         1:  9.5e-17    2:  2.4e-33    3:  5.8e-34    4:  8.2e-05 
     0: -1.5e-31    1: -1.4e-18    2: -3.5e-35    3:  2.7e-20    4: -1.1e-37    5:  0.00021 
     6:  0.096   
     6: -0.4        7:  0.076   
     6:  0.68       7:  1.2        8:  0.05    
     6:  1.3        7: -0.6        8:  0.11       9:  0.059   
     6: -0.69       7:  0.3        8:  0.69       9: -0.79      10:  0.0021  
     6:  1.4        7: -1.1        8: -0.73       9:  2.5       10: -0.46      11:  0.004   
     6:  0.22       7: -1.9        8: -2.4        9: -0.21      10: -0.47      11: -0.055     12:  0.0064  
     6:  0.22       7: -0.11       8: -0.062      9:  0.28      10: -0.076     11:  0.099     12:  2.7e-17   13:  0.038   
     6: -0.22       7:  0.11       8:  0.062      9: -0.28      10:  0.076     11: -0.099     12: -2.7e-17   14:  0.038   
    15:  0.054   
    15: -0.00061   16:  0.29    
    15: -0.1       16: -0.42      17:  0.0025  
    15:  2.2       16:  0.0051    17:  0.0025    18:  0.049   
    15:  0.8       16: -0.39      17:  0.74      18:  0.42      19:  0.0015  
    15:  0.00022   16: -4.8       17: -0.001     18:  0.0001    19: -0.001     20:  0.0054  
    15:  4.9       16:  5.2e-05   17:  0.089     18:  2.9       19:  0.089     20: -5.2e-05   21:  0.0064  
    15: -3e-14     16: -0.54      17: -0.0061    18:  0         19: -0.0061    20:  0.13      21: -2.2e-23   22:  0.038   
    15:  3e-14     16:  0.54      17:  0.0061    18:  0         19:  0.0061    20: -0.13      21:  2.2e-23   23:  0.038   

QHDIAGINV
   20      
   12      
   10      
   4e+03   
   1.2e+04 
   4.8e+03 
   10      
   13      
   20      
   17      
   4.7e+02 
   2.5e+02 
   1.6e+02 
   26      
   26      
   19      
   3.4     
   4e+02   
   21      
   6.5e+02 
   1.8e+02 
   1.6e+02 
   26      
   26      

TREE_AWAKE
  1 1 1

BODY_AWAKE
  -1 -1 1 -1 -1 1 1 1 1 1 1 1 1 1 1 1 1 -1 1 1 1 1 1 1 1 1 1 1 1 1

BODY_AWAKE_IND
  0 1 2 3 4 5 6 7 8 9 10 11 12 13 14 15 16 17 18 19 20 21 22 23 24 25 26 27 28 29

PARENT_AWAKE_IND
  1 2 3 4 5 6 7 8 9 10 11 12 13 14 15 16 17 18 19 20 21 22 23 24 25 26 27 28 29

DOF_AWAKE_IND
  0 1 2 3 4 5 6 7 8 9 10 11 12 13 14 15 16 17 18 19 20 21 22 23

CONTACT
  0:
     dim           3
     geoms         1 : 3
     exclude       0
     efc_address   18
     solref         0.01      1       
     solimp         0.99      0.95      0.001     0.5       2       
     dist          -0.004   
     includemargin  0       
     pos            0.33     -0.075     0.4     
     frame          1.4e-19  -2.5e-17   1         3.6e-36   1         2.5e-17  -1         0         1.4e-19 
     friction       5         5         0.01      0.01      0.01    
     mu             5       
     force          0.25      0         0         0         0         0       
  1:
     dim           3
     geoms         1 : 3
     exclude       0
     efc_address   22
     solref         0.01      1       
     solimp         0.99      0.95      0.001     0.5       2       
     dist          -0.004   
     includemargin  0       
     pos            0.33      0.075     0.4     
     frame          1.4e-19  -2.5e-17   1         3.6e-36   1         2.5e-17  -1         0         1.4e-19 
     friction       5         5         0.01      0.01      0.01    
     mu             5       
     force          0.25     -6.9e-17   0         0         0         0       
  2:
     dim           3
     geoms         1 : 3
     exclude       0
     efc_address   26
     solref         0.01      1       
     solimp         0.99      0.95      0.001     0.5       2       
     dist          -0.004   
     includemargin  0       
     pos            0.27     -0.075     0.4     
     frame          1.4e-19  -2.5e-17   1         3.6e-36   1         2.5e-17  -1         0         1.4e-19 
     friction       5         5         0.01      0.01      0.01    
     mu             5       
     force          0.25     -3.5e-17   0         0         0         0       
  3:
     dim           3
     geoms         1 : 3
     exclude       0
     efc_address   30
     solref         0.01      1       
     solimp         0.99      0.95      0.001     0.5       2       
     dist          -0.004   
     includemargin  0       
     pos            0.27      0.075     0.4     
     frame          1.4e-19  -2.5e-17   1         3.6e-36   1         2.5e-17  -1         0         1.4e-19 
     friction       5         5         0.01      0.01      0.01    
     mu             5       
     force          0.25      6.9e-17   0         0         0         0       
  4:
     dim           3
     geoms         openarm_right_right_finger_collision : openarm_right_left_finger_collision
     exclude       0
     efc_address   34
     solref         0.01      1       
     solimp         0.99      0.95      0.001     0.5       2       
     dist          -0.0076  
     includemargin  0       
     pos           -0.0009   -0.16      0.067   
     frame          0.0045   -1        -0.0003    1.3e-06  -0.0003    1        -1        -0.0045   -2.1e-22 
     friction       5         5         0.01      0.01      0.01    
     mu             5       
     force          0         0         0         0         0         0       

EFC_TYPE
  0
  0
  1
  1
  1
  1
  1
  1
  1
  1
  1
  1
  1
  1
  1
  1
  3
  3
  6
  6
  6
  6
  6
  6
  6
  6
  6
  6
  6
  6
  6
  6
  6
  6
  6
  6
  6
  6

EFC_ID
  0
  1
  6
  7
  8
  9
  10
  11
  12
  15
  16
  17
  18
  19
  20
  21
  17
  18
  0
  0
  0
  0
  1
  1
  1
  1
  2
  2
  2
  2
  3
  3
  3
  3
  4
  4
  4
  4

EFC_J
   0         0         0         0         0         0         0         0         0         0         0         0         0         0         0         0         0         0         0         0         0         0         1        -1       
   0         0         0         0         0         0         0         0         0         0         0         0         0         1        -1         0         0         0         0         0         0         0         0         0       
   0         0         0         0         0         0         1         0         0         0         0         0         0         0         0         0         0         0         0         0         0         0         0         0       
   0         0         0         0         0         0         0         1         0         0         0         0         0         0         0         0         0         0         0         0         0         0         0         0       
   0         0         0         0         0         0         0         0         1         0         0         0         0         0         0         0         0         0         0         0         0         0         0         0       
   0         0         0         0         0         0         0         0         0         1         0         0         0         0         0         0         0         0         0         0         0         0         0         0       
   0         0         0         0         0         0         0         0         0         0         1         0         0         0         0         0         0         0         0         0         0         0         0         0       
   0         0         0         0         0         0         0         0         0         0         0         1         0         0         0         0         0         0         0         0         0         0         0         0       
   0         0         0         0         0         0         0         0         0         0         0         0         1         0         0         0         0         0         0         0         0         0         0         0       
   0         0         0         0         0         0         0         0         0         0         0         0         0         0         0         1         0         0         0         0         0         0         0         0       
   0         0         0         0         0         0         0         0         0         0         0         0         0         0         0         0         1         0         0         0         0         0         0         0       
   0         0         0         0         0         0         0         0         0         0         0         0         0         0         0         0         0         1         0         0         0         0         0         0       
   0         0         0         0         0         0         0         0         0         0         0         0         0         0         0         0         0         0         1         0         0         0         0         0       
   0         0         0         0         0         0         0         0         0         0         0         0         0         0         0         0         0         0         0         1         0         0         0         0       
   0         0         0         0         0         0         0         0         0         0         0         0         0         0         0         0         0         0         0         0         1         0         0         0       
   0         0         0         0         0         0         0         0         0         0         0         0         0         0         0         0         0         0         0         0         0         1         0         0       
   0         0         0         0         0         0         0         0         0         0         0         0         0         0         0         0         0         0         0         0         0         0         1         0       
   0         0         0         0         0         0         0         0         0         0         0         0         0         0         0         0         0         0         0         0         0         0         0         1       
   1.4e-19   5         1        -0.06     -0.025     0.13      0         0         0         0         0         0         0         0         0         0         0         0         0         0         0         0         0         0       
   1.4e-19  -5         1        -0.09     -0.025    -0.13      0         0         0         0         0         0         0         0         0         0         0         0         0         0         0         0         0         0       
  -5        -2.5e-17   1        -0.075    -0.01     -0.38      0         0         0         0         0         0         0         0         0         0         0         0         0         0         0         0         0         0       
   5        -2.5e-17   1        -0.075    -0.04      0.38      0         0         0         0         0         0         0         0         0         0         0         0         0         0         0         0         0         0       
   1.4e-19   5         1         0.09     -0.025     0.13      0         0         0         0         0         0         0         0         0         0         0         0         0         0         0         0         0         0       
   1.4e-19  -5         1         0.06     -0.025    -0.13      0         0         0         0         0         0         0         0         0         0         0         0         0         0         0         0         0         0       
  -5        -2.5e-17   1         0.075    -0.01      0.38      0         0         0         0         0         0         0         0         0         0         0         0         0         0         0         0         0         0       
   5        -2.5e-17   1         0.075    -0.04     -0.38      0         0         0         0         0         0         0         0         0         0         0         0         0         0         0         0         0         0       
   1.4e-19   5         1        -0.06      0.025    -0.13      0         0         0         0         0         0         0         0         0         0         0         0         0         0         0         0         0         0       
   1.4e-19  -5         1        -0.09      0.025     0.13      0         0         0         0         0         0         0         0         0         0         0         0         0         0         0         0         0         0       
  -5        -2.5e-17   1        -0.075     0.04     -0.38      0         0         0         0         0         0         0         0         0         0         0         0         0         0         0         0         0         0       
   5        -2.5e-17   1        -0.075     0.01      0.38      0         0         0         0         0         0         0         0         0         0         0         0         0         0         0         0         0         0       
   1.4e-19   5         1         0.09      0.025    -0.13      0         0         0         0         0         0         0         0         0         0         0         0         0         0         0         0         0         0       
   1.4e-19  -5         1         0.06      0.025     0.13      0         0         0         0         0         0         0         0         0         0         0         0         0         0         0         0         0         0       
  -5        -2.5e-17   1         0.075     0.04      0.38      0         0         0         0         0         0         0         0         0         0         0         0         0         0         0         0         0         0       
   5        -2.5e-17   1         0.075     0.01     -0.38      0         0         0         0         0         0         0         0         0         0         0         0         0         0         0         0         0         0       
   0         0         0         0         0         0         0         0         0         0         0         0         0         0         0         0         0         0         0         0         0         0         1         1       
   0         0         0         0         0         0         0         0         0         0         0         0         0         0         0         0         0         0         0         0         0         0         1         1       
   0         0         0         0         0         0         0         0         0         0         0         0         0         0         0         0         0         0         0         0         0         0         1         1       
   0         0         0         0         0         0         0         0         0         0         0         0         0         0         0         0         0         0         0         0         0         0         0.98      0.98    

IEFC_J
   1.4e-19   5         1        -0.06     -0.025     0.13    ......... ......... ......... ......... ......... ......... ......... ......... ......... ......... ......... ......... ......... ......... ......... ......... ......... ......... 
   1.4e-19  -5         1        -0.09     -0.025    -0.13    ......... ......... ......... ......... ......... ......... ......... ......... ......... ......... ......... ......... ......... ......... ......... ......... ......... ......... 
  -5        -2.5e-17   1        -0.075    -0.01     -0.38    ......... ......... ......... ......... ......... ......... ......... ......... ......... ......... ......... ......... ......... ......... ......... ......... ......... ......... 
   5        -2.5e-17   1        -0.075    -0.04      0.38    ......... ......... ......... ......... ......... ......... ......... ......... ......... ......... ......... ......... ......... ......... ......... ......... ......... ......... 
   1.4e-19   5         1         0.09     -0.025     0.13    ......... ......... ......... ......... ......... ......... ......... ......... ......... ......... ......... ......... ......... ......... ......... ......... ......... ......... 
   1.4e-19  -5         1         0.06     -0.025    -0.13    ......... ......... ......... ......... ......... ......... ......... ......... ......... ......... ......... ......... ......... ......... ......... ......... ......... ......... 
  -5        -2.5e-17   1         0.075    -0.01      0.38    ......... ......... ......... ......... ......... ......... ......... ......... ......... ......... ......... ......... ......... ......... ......... ......... ......... ......... 
   5        -2.5e-17   1         0.075    -0.04     -0.38    ......... ......... ......... ......... ......... ......... ......... ......... ......... ......... ......... ......... ......... ......... ......... ......... ......... ......... 
   1.4e-19   5         1        -0.06      0.025    -0.13    ......... ......... ......... ......... ......... ......... ......... ......... ......... ......... ......... ......... ......... ......... ......... ......... ......... ......... 
   1.4e-19  -5         1        -0.09      0.025     0.13    ......... ......... ......... ......... ......... ......... ......... ......... ......... ......... ......... ......... ......... ......... ......... ......... ......... ......... 
  -5        -2.5e-17   1        -0.075     0.04     -0.38    ......... ......... ......... ......... ......... ......... ......... ......... ......... ......... ......... ......... ......... ......... ......... ......... ......... ......... 
   5        -2.5e-17   1        -0.075     0.01      0.38    ......... ......... ......... ......... ......... ......... ......... ......... ......... ......... ......... ......... ......... ......... ......... ......... ......... ......... 
   1.4e-19   5         1         0.09      0.025    -0.13    ......... ......... ......... ......... ......... ......... ......... ......... ......... ......... ......... ......... ......... ......... ......... ......... ......... ......... 
   1.4e-19  -5         1         0.06      0.025     0.13    ......... ......... ......... ......... ......... ......... ......... ......... ......... ......... ......... ......... ......... ......... ......... ......... ......... ......... 
  -5        -2.5e-17   1         0.075     0.04      0.38    ......... ......... ......... ......... ......... ......... ......... ......... ......... ......... ......... ......... ......... ......... ......... ......... ......... ......... 
   5        -2.5e-17   1         0.075     0.01     -0.38    ......... ......... ......... ......... ......... ......... ......... ......... ......... ......... ......... ......... ......... ......... ......... ......... ......... ......... 
 ......... ......... ......... ......... ......... .........   0         0         0         0         0         0         0         1        -1       ......... ......... ......... ......... ......... ......... ......... ......... ......... 
 ......... ......... ......... ......... ......... .........   1         0         0         0         0         0         0         0         0       ......... ......... ......... ......... ......... ......... ......... ......... ......... 
 ......... ......... ......... ......... ......... .........   0         1         0         0         0         0         0         0         0       ......... ......... ......... ......... ......... ......... ......... ......... ......... 
 ......... ......... ......... ......... ......... .........   0         0         1         0         0         0         0         0         0       ......... ......... ......... ......... ......... ......... ......... ......... ......... 
 ......... ......... ......... ......... ......... .........   0         0         0         1         0         0         0         0         0       ......... ......... ......... ......... ......... ......... ......... ......... ......... 
 ......... ......... ......... ......... ......... .........   0         0         0         0         1         0         0         0         0       ......... ......... ......... ......... ......... ......... ......... ......... ......... 
 ......... ......... ......... ......... ......... .........   0         0         0         0         0         1         0         0         0       ......... ......... ......... ......... ......... ......... ......... ......... ......... 
 ......... ......... ......... ......... ......... .........   0         0         0         0         0         0         1         0         0       ......... ......... ......... ......... ......... ......... ......... ......... ......... 
 ......... ......... ......... ......... ......... ......... ......... ......... ......... ......... ......... ......... ......... ......... .........   0         0         0         0         0         0         0         1        -1       
 ......... ......... ......... ......... ......... ......... ......... ......... ......... ......... ......... ......... ......... ......... .........   1         0         0         0         0         0         0         0         0       
 ......... ......... ......... ......... ......... ......... ......... ......... ......... ......... ......... ......... ......... ......... .........   0         1         0         0         0         0         0         0         0       
 ......... ......... ......... ......... ......... ......... ......... ......... ......... ......... ......... ......... ......... ......... .........   0         0         1         0         0         0         0         0         0       
 ......... ......... ......... ......... ......... ......... ......... ......... ......... ......... ......... ......... ......... ......... .........   0         0         0         1         0         0         0         0         0       
 ......... ......... ......... ......... ......... ......... ......... ......... ......... ......... ......... ......... ......... ......... .........   0         0         0         0         1         0         0         0         0       
 ......... ......... ......... ......... ......... ......... ......... ......... ......... ......... ......... ......... ......... ......... .........   0         0         0         0         0         1         0         0         0       
 ......... ......... ......... ......... ......... ......... ......... ......... ......... ......... ......... ......... ......... ......... .........   0         0         0         0         0         0         1         0         0       
 ......... ......... ......... ......... ......... ......... ......... ......... ......... ......... ......... ......... ......... ......... .........   0         0         0         0         0         0         0         1         0       
 ......... ......... ......... ......... ......... ......... ......... ......... ......... ......... ......... ......... ......... ......... .........   0         0         0         0         0         0         0         0         1       
 ......... ......... ......... ......... ......... ......... ......... ......... ......... ......... ......... ......... ......... ......... .........   0         0         0         0         0         0         0         1         1       
 ......... ......... ......... ......... ......... ......... ......... ......... ......... ......... ......... ......... ......... ......... .........   0         0         0         0         0         0         0         1         1       
 ......... ......... ......... ......... ......... ......... ......... ......... ......... ......... ......... ......... ......... ......... .........   0         0         0         0         0         0         0         1         1       
 ......... ......... ......... ......... ......... ......... ......... ......... ......... ......... ......... ......... ......... ......... .........   0         0         0         0         0         0         0         0.98      0.98    

EFC_POS
  -0.00086 
  -2.6e-05 
   0       
   0       
   0       
   0       
   0       
   0       
   0       
   0       
   0       
   0       
   0       
   0       
   0       
   0       
  -0.0025  
  -0.0016  
  -0.004   
  -0.004   
  -0.004   
  -0.004   
  -0.004   
  -0.004   
  -0.004   
  -0.004   
  -0.004   
  -0.004   
  -0.004   
  -0.004   
  -0.004   
  -0.004   
  -0.004   
  -0.004   
  -0.0076  
  -0.0076  
  -0.0076  
  -0.0076  

EFC_MARGIN
   0       
   0       
   0       
   0       
   0       
   0       
   0       
   0       
   0       
   0       
   0       
   0       
   0       
   0       
   0       
   0       
   0       
   0       
   0       
   0       
   0       
   0       
   0       
   0       
   0       
   0       
   0       
   0       
   0       
   0       
   0       
   0       
   0       
   0       
   0       
   0       
   0       
   0       

EFC_FRICTIONLOSS
   0       
   0       
   0.1     
   0.1     
   0.1     
   0.1     
   0.1     
   0.1     
   0.1     
   0.1     
   0.1     
   0.1     
   0.1     
   0.1     
   0.1     
   0.1     
   0       
   0       
   0       
   0       
   0       
   0       
   0       
   0       
   0       
   0       
   0       
   0       
   0       
   0       
   0       
   0       
   0       
   0       
   0       
   0       
   0       
   0       

EFC_DIAGAPPROX
   63      
   63      
   20      
   3.5     
   5.6e+02 
   1.2e+02 
   1.5e+03 
   3e+02   
   4.4e+02 
   20      
   3.5     
   5.6e+02 
   1.2e+02 
   1.5e+03 
   3e+02   
   4.4e+02 
   32      
   32      
   1.3e+04 
   1.3e+04 
   1.3e+04 
   1.3e+04 
   1.3e+04 
   1.3e+04 
   1.3e+04 
   1.3e+04 
   1.3e+04 
   1.3e+04 
   1.3e+04 
   1.3e+04 
   1.3e+04 
   1.3e+04 
   1.3e+04 
   1.3e+04 
   2.8e+04 
   2.8e+04 
   2.8e+04 
   2.8e+04 

EFC_KBIP
   4.1e+04   4e+02     0.99     -22      
   4.1e+04   4e+02     0.95     -4.2     
   0         1.1e+02   0.9       0       
   0         1.1e+02   0.9       0       
   0         1.1e+02   0.9       0       
   0         1.1e+02   0.9       0       
   0         1.1e+02   0.9       0       
   0         1.1e+02   0.9       0       
   0         1.1e+02   0.9       0       
   0         1.1e+02   0.9       0       
   0         1.1e+02   0.9       0       
   0         1.1e+02   0.9       0       
   0         1.1e+02   0.9       0       
   0         1.1e+02   0.9       0       
   0         1.1e+02   0.9       0       
   0         1.1e+02   0.9       0       
   2.8e+03   1.1e+02   0.95      0       
   2.8e+03   1.1e+02   0.95      0       
   1.1e+04   2.1e+02   0.95      0       
   1.1e+04   2.1e+02   0.95      0       
   1.1e+04   2.1e+02   0.95      0       
   1.1e+04   2.1e+02   0.95      0       
   1.1e+04   2.1e+02   0.95      0       
   1.1e+04   2.1e+02   0.95      0       
   1.1e+04   2.1e+02   0.95      0       
   1.1e+04   2.1e+02   0.95      0       
   1.1e+04   2.1e+02   0.95      0       
   1.1e+04   2.1e+02   0.95      0       
   1.1e+04   2.1e+02   0.95      0       
   1.1e+04   2.1e+02   0.95      0       
   1.1e+04   2.1e+02   0.95      0       
   1.1e+04   2.1e+02   0.95      0       
   1.1e+04   2.1e+02   0.95      0       
   1.1e+04   2.1e+02   0.95      0       
   1.1e+04   2.1e+02   0.95      0       
   1.1e+04   2.1e+02   0.95      0       
   1.1e+04   2.1e+02   0.95      0       
   1.1e+04   2.1e+02   0.95      0       

EFC_D
   1.3     
   0.3     
   0.45    
   2.5     
   0.016   
   0.072   
   0.0062  
   0.03    
   0.02    
   0.45    
   2.5     
   0.016   
   0.072   
   0.0062  
   0.03    
   0.02    
   0.6     
   0.6     
   0.0015  
   0.0015  
   0.0015  
   0.0015  
   0.0015  
   0.0015  
   0.0015  
   0.0015  
   0.0015  
   0.0015  
   0.0015  
   0.0015  
   0.0015  
   0.0015  
   0.0015  
   0.0015  
   0.00069 
   0.00069 
   0.00069 
   0.00069 

EFC_R
   0.74    
   3.3     
   2.2     
   0.39    
   63      
   14      
   1.6e+02 
   33      
   49      
   2.2     
   0.39    
   63      
   14      
   1.6e+02 
   33      
   49      
   1.7     
   1.7     
   6.8e+02 
   6.8e+02 
   6.8e+02 
   6.8e+02 
   6.8e+02 
   6.8e+02 
   6.8e+02 
   6.8e+02 
   6.8e+02 
   6.8e+02 
   6.8e+02 
   6.8e+02 
   6.8e+02 
   6.8e+02 
   6.8e+02 
   6.8e+02 
   1.5e+03 
   1.5e+03 
   1.5e+03 
   1.5e+03 

TEN_VELOCITY
  -2.7     
  -2.4e-08 

ACTUATOR_VELOCITY
   7.3     
  -0.00021 
  -0.15    
  -6.5     
   0.086   
  -0.81    
   0.68    
  -4.1e-09 
  -4.3e-08 
   0.0021  
   0.01    
  -0.0017  
   0.0037  
  -0.0017  
  -0.14    
  -0.002   
  -2.8     
  -2.6     

CVEL
   0         0         0         0         0         0       
   0         0         0         0         0         0       
  -1e-15     8.4e-17   4.7e-17  -3.9e-19   2.3e-17  -4.6e-15 
   0         0         0         0         0         0       
   0         0         0         0         0         0       
   0         7.3      -2.7e-05  -3.1      -8.3e-07  -0.23    
   6.9e-05   7.3      -0.00023  -3.1       2.2e-05  -0.23    
  -0.14      7.3      -0.047    -3.1      -0.059    -0.2     
  -1.9       1.8       2.8      -0.0065   -1.4      -0.93    
  -1.9       1.8       2.7       0.007    -1.4      -0.94    
  -1.9       1.1       3.2       0.24     -1.5      -1.1     
  -2.6       1.1       3.2       0.23     -1.8      -1.1     
  -2.6       1.1       3.2       0.23     -1.8      -1.1     
  -2.6       1.1       3.2       0.23     -1.8      -1.1     
  -2.6       1.1       3.2       0.23     -1.8      -1.1     
  -2.6       1.1       3.2       0.23     -1.8      -1.1     
  -2.6       1.1       3.2       0.23     -1.8      -1.1     
   0         0         0         0         0         0       
   0        -0.0021   -7.7e-09   0.00089  -2.4e-10   6.5e-05 
  -0.01     -0.0021   -7.7e-09   0.00089  -0.0042   -0.0014  
  -0.01     -0.0021    0.0017    0.00065  -0.0042   -0.0014  
  -0.01     -0.0058    0.0017    0.0014   -0.0042   -0.0012  
  -0.01     -0.0058    0.0034    0.0012   -0.0041   -0.0012  
  -0.15     -0.0058    0.0034    0.0012   -0.002    -0.021   
  -0.15     -0.0039    0.0034    0.0012   -0.002    -0.021   
  -0.15     -0.0039    0.0034    0.0012   -0.002    -0.021   
  -0.15     -0.0039    0.0034    0.0012   -0.002    -0.021   
  -0.15     -0.0039    0.0034    0.0012   -0.002    -0.021   
  -0.15     -0.0039    0.0034    0.0012   -2.8      -0.021   
  -0.15     -0.0039    0.0034    0.0012    2.6      -0.021   

CDOF_DOT
   0         0         0         0         0         0       
   0         0         0         0         0         0       
   0         0         0         0         0         0       
  -0         0         0         1.8e-32  -4.6e-15  -2.1e-18 
   0        -0         0         4.6e-15   1.8e-32  -2.1e-18 
   0         0        -0         2.1e-18   2.1e-18   5.2e-35 
  -0         0         0         0         0         0       
   6.9       8.7e-06   2.4       0.39      3        -1.1     
   2.3      -0.00024  -6.8      -1.1       0.77     -0.38    
  -3.2      -0.073    -2.2       1        -1.4       0.85    
   0.11     -0.26      0.24     -0.63     -0.25     -0.33    
  -3.3      -1        -1.6       1.5      -0.38      0.24    
  -0.087    -3.2       1.1       1.1       1.1      -0.89    
   0         0        -0        -0.087    -3.2       1.1     
   0         0        -0         0.087     3.2      -1.1     
   0         0        -0         0         0        -0       
   0         7.7e-09  -0.0021    0.0003   -6.5e-05  -2.4e-10 
   0.0021   -0.01     -3.7e-08   0.0042    0.00089   0.00061 
   0.0017   -3.7e-08   0.01     -0.0014    0.00065  -0.00022 
   0.0058   -0.01     -3.7e-08   0.0042    0.0016    0.0011  
  -0         0.0034    0.0058   -0.00078   0.00018   0.0043  
   0.0034   -5.5e-07   0.15     -0.021     0.0045   -0.0012  
  -0         0         0        -0.0034    5.5e-07  -0.15    
  -0         0         0         0.0034   -5.5e-07   0.15    

QFRC_BIAS
  -9.7e-35 
   7.9e-36 
   0.98    
  -5e-19   
  -4.1e-39 
   1.4e-35 
  -3.2     
   0.071   
   0.13    
   2.7     
  -0.09    
   0.43    
  -0.38    
   0.28    
  -0.33    
  -0.098   
  -0.064   
   2.9e-05 
  -0.03    
   2.9e-05 
   0.083   
   0.0049  
  -1.4e-05 
  -2e-05   

QFRC_SPRING
   0       
   0       
   0       
   0       
   0       
   0       
   0       
   0       
   0       
   0       
   0       
   0       
   0       
  -0.017   
  -0.017   
   0       
   0       
   0       
   0       
   0       
   0       
   0       
   0.0012  
   0.0008  

QFRC_DAMPER
   0       
   0       
   0       
   0       
   0       
   0       
  -2.9     
   8.6e-05 
   0.058   
   2.6     
  -0.034   
   0.32    
  -0.27    
   8.1e-09 
   8.7e-08 
  -0.00084 
  -0.004   
   0.00068 
  -0.0015  
   0.00067 
   0.056   
   0.00078 
   5.6     
   5.3     

QFRC_GRAVCOMP
   0       
   0       
   0       
   0       
   0       
   0       
   0       
   0       
   0       
   0       
   0       
   0       
   0       
   0       
   0       
   0       
   0       
   0       
   0       
   0       
   0       
   0       
   0       
   0       

QFRC_FLUID
   3.1e-20 
  -1.8e-18 
   3.6e-16 
   2.2e-19 
  -1.5e-20 
  -8.5e-21 
  -0.17    
   0.013   
  -0.029   
  -0.013   
   0.00044 
   0.0077  
  -0.0081  
   0.0052  
  -0.0052  
  -0.00029 
  -0.0034  
  -1.8e-05 
  -0.00015 
  -2e-05   
   0.0007  
  -3.7e-05 
   0.044   
   0.041   

QFRC_PASSIVE
   3.1e-20 
  -1.8e-18 
   3.6e-16 
   2.2e-19 
  -1.5e-20 
  -8.5e-21 
  -3.1     
   0.013   
   0.03    
   2.6     
  -0.034   
   0.33    
  -0.28    
  -0.012   
  -0.022   
  -0.0011  
  -0.0074  
   0.00066 
  -0.0016  
   0.00065 
   0.056   
   0.00075 
   5.6     
   5.3     

EFC_VEL
  -0.14    
   3.9e-08 
   7.3     
  -0.00021 
  -0.15    
  -6.5     
   0.086   
  -0.81    
   0.68    
   0.0021  
   0.01    
  -0.0017  
   0.0037  
  -0.0017  
  -0.14    
  -0.002   
  -2.8     
  -2.6     
  -4.5e-15 
  -4.5e-15 
  -4.5e-15 
  -4.5e-15 
  -4.6e-15 
  -4.6e-15 
  -4.6e-15 
  -4.7e-15 
  -4.5e-15 
  -4.5e-15 
  -4.5e-15 
  -4.5e-15 
  -4.7e-15 
  -4.6e-15 
  -4.6e-15 
  -4.7e-15 
  -5.4     
  -5.4     
  -5.5     
  -5.3     

EFC_AREF
   91      
   1       
  -7.7e+02 
   0.023   
   15      
   6.8e+02 
  -9.1     
   85      
  -72      
  -0.22    
  -1.1     
   0.18    
  -0.39    
   0.18    
   15      
   0.21    
   3e+02   
   2.8e+02 
   42      
   42      
   42      
   42      
   42      
   42      
   42      
   42      
   42      
   42      
   42      
   42      
   42      
   42      
   42      
   42      
   1.2e+03 
   1.2e+03 
   1.2e+03 
   1.2e+03 

SUBTREE_LINVEL
   0         0         0       
   0         0         0       
   0         0         0       
   0         0         0       
   0         0         0       
   0         0         0       
   0         0         0       
   0         0         0       
   0         0         0       
   0         0         0       
   0         0         0       
   0         0         0       
   0         0         0       
   0         0         0       
   0         0         0       
   0         0         0       
   0         0         0       
   0         0         0       
   0         0         0       
   0         0         0       
   0         0         0       
   0         0         0       
   0         0         0       
   0         0         0       
   0         0         0       
   0         0         0       
   0         0         0       
   0         0         0       
   0         0         0       
   0         0         0       

SUBTREE_ANGMOM
   0         0         0       
   0         0         0       
   0         0         0       
   0         0         0       
   0         0         0       
   0         0         0       
   0         0         0       
   0         0         0       
   0         0         0       
   0         0         0       
   0         0         0       
   0         0         0       
   0         0         0       
   0         0         0       
   0         0         0       
   0         0         0       
   0         0         0       
   0         0         0       
   0         0         0       
   0         0         0       
   0         0         0       
   0         0         0       
   0         0         0       
   0         0         0       
   0         0         0       
   0         0         0       
   0         0         0       
   0         0         0       
   0         0         0       
   0         0         0       

ACTUATOR_FORCE
   0       
   0       
   0       
   0       
   0       
   0       
   0       
  -0.013   
   0       
   0       
   0       
   0       
   0       
   0       
   0       
   0       
   3.3e+02 
   0.16    

QFRC_ACTUATOR
   0       
   0       
   0       
   0       
   0       
   0       
   0       
   0       
   0       
   0       
   0       
   0       
   0       
  -0.013   
   0       
   0       
   0       
   0       
   0       
   0       
   0       
   0       
   3.3e+02 
   0.16    

QFRC_SMOOTH
   3.1e-20 
  -1.8e-18 
  -0.98    
   7.2e-19 
  -1.5e-20 
  -8.5e-21 
   0.1     
  -0.058   
  -0.1     
  -0.099   
   0.056   
  -0.1     
   0.1     
  -0.3     
   0.3     
   0.097   
   0.057   
   0.00063 
   0.028   
   0.00062 
  -0.026   
  -0.0042  
   3.4e+02 
   5.5     

QACC_SMOOTH
   7.6e-18 
   1.8e-19 
  -9.8     
   9.1e-16 
  -3.7e-16 
  -4.1e-17 
   0.24    
   1.7     
  -1.3     
   4.9     
   32      
  -4.9     
   34      
  -6.7     
   6.7     
   6.5     
  -1.6e+02 
  -78      
  -36      
   1.9e+03 
  -1e+04   
  -99      
   1.1e+04 
  -1.1e+03 

EFC_B
   1.2e+04 
  -14      
   7.7e+02 
   1.7     
  -17      
  -6.7e+02 
   41      
  -90      
   1.1e+02 
   6.8     
  -1.6e+02 
  -78      
  -35      
   1.9e+03 
  -1e+04   
  -99      
   1e+04   
  -1.4e+03 
  -52      
  -52      
  -52      
  -52      
  -52      
  -52      
  -52      
  -52      
  -52      
  -52      
  -52      
  -52      
  -52      
  -52      
  -52      
  -52      
   8.3e+03 
   8.3e+03 
   8.5e+03 
   8.1e+03 

EFC_FORCE
  -1.6e+02 
   0.3     
  -0.1     
   0.057   
   0.1     
   0.1     
  -0.056   
   0.1     
  -0.1     
  -0.093   
   0.089   
  -0.027   
  -0.024   
  -0.031   
   0.1     
   0.006   
   0       
   0       
   0.061   
   0.061   
   0.061   
   0.061   
   0.061   
   0.061   
   0.061   
   0.061   
   0.061   
   0.061   
   0.061   
   0.061   
   0.061   
   0.061   
   0.061   
   0.061   
   0       
   0       
   0       
   0       

EFC_STATE
  1
  1
  3
  3
  2
  2
  3
  2
  3
  3
  2
  2
  2
  3
  2
  2
  0
  1
  1
  1
  1
  1
  1
  1
  1
  1
  1
  1
  1
  1
  1
  1
  1
  1
  0
  0
  0
  0

QFRC_CONSTRAINT
   0       
  -3.1e-18 
   0.98    
   0       
   1.1e-19 
   0       
  -0.1     
   0.057   
   0.1     
   0.1     
  -0.056   
   0.1     
  -0.1     
   0.3     
  -0.3     
  -0.093   
   0.089   
  -0.027   
  -0.024   
  -0.031   
   0.1     
   0.006   
  -1.6e+02 
   1.6e+02 

QFRC_INVERSE
   0       
   0       
   0       
   0       
   0       
   0       
   0       
   0       
   0       
   0       
   0       
   0       
   0       
   0       
   0       
   0       
   0       
   0       
   0       
   0       
   0       
   0       
   0       
   0       

CACC
   0         0         0         0         0         0       
   0         0         0         0         0         0       
   0         0         0         0         0         0       
   0         0         0         0         0         0       
   0         0         0         0         0         0       
   0         0         0         0         0         0       
   0         0         0         0         0         0       
   0         0         0         0         0         0       
   0         0         0         0         0         0       
   0         0         0         0         0         0       
   0         0         0         0         0         0       
   0         0         0         0         0         0       
   0         0         0         0         0         0       
   0         0         0         0         0         0       
   0         0         0         0         0         0       
   0         0         0         0         0         0       
   0         0         0         0         0         0       
   0         0         0         0         0         0       
   0         0         0         0         0         0       
   0         0         0         0         0         0       
   0         0         0         0         0         0       
   0         0         0         0         0         0       
   0         0         0         0         0         0       
   0         0         0         0         0         0       
   0         0         0         0         0         0       
   0         0         0         0         0         0       
   0         0         0         0         0         0       
   0         0         0         0         0         0       
   0         0         0         0         0         0       
   0         0         0         0         0         0       

CFRC_INT
   0         0         0         0         0         0       
   0         0         0         0         0         0       
   0         0         0         0         0         0       
   0         0         0         0         0         0       
   0         0         0         0         0         0       
   0         0         0         0         0         0       
   0         0         0         0         0         0       
   0         0         0         0         0         0       
   0         0         0         0         0         0       
   0         0         0         0         0         0       
   0         0         0         0         0         0       
   0         0         0         0         0         0       
   0         0         0         0         0         0       
   0         0         0         0         0         0       
   0         0         0         0         0         0       
   0         0         0         0         0         0       
   0         0         0         0         0         0       
   0         0         0         0         0         0       
   0         0         0         0         0         0       
   0         0         0         0         0         0       
   0         0         0         0         0         0       
   0         0         0         0         0         0       
   0         0         0         0         0         0       
   0         0         0         0         0         0       
   0         0         0         0         0         0       
   0         0         0         0         0         0       
   0         0         0         0         0         0       
   0         0         0         0         0         0       
   0         0         0         0         0         0       
   0         0         0         0         0         0       

CFRC_EXT
   0         0         0         0         0         0       
   0         0         0         0         0         0       
   0         0         0         0         0         0       
   0         0         0         0         0         0       
   0         0         0         0         0         0       
   0         0         0         0         0         0       
   0         0         0         0         0         0       
   0         0         0         0         0         0       
   0         0         0         0         0         0       
   0         0         0         0         0         0       
   0         0         0         0         0         0       
   0         0         0         0         0         0       
   0         0         0         0         0         0       
   0         0         0         0         0         0       
   0         0         0         0         0         0       
   0         0         0         0         0         0       
   0         0         0         0         0         0       
   0         0         0         0         0         0       
   0         0         0         0         0         0       
   0         0         0         0         0         0       
   0         0         0         0         0         0       
   0         0         0         0         0         0       
   0         0         0         0         0         0       
   0         0         0         0         0         0       
   0         0         0         0         0         0       
   0         0         0         0         0         0       
   0         0         0         0         0         0       
   0         0         0         0         0         0       
   0         0         0         0         0         0       
   0         0         0         0         0         0       

TREE_ISLAND
  0 1 2

ISLAND_NTREE
  1 1 1

ISLAND_ITREEADR
  0 1 2

MAP_ITREE2TREE
  0 1 2

DOF_ISLAND            0 0 0 0 0 0 1 1 1 1 1 1 1 1 1 2 2 2 2 2 2 2 2 2

ISLAND_NV             6 9 9

ISLAND_IDOFADR        0 6 15

MAP_IDOF2DOF          0 1 2 3 4 5 | 6 7 8 9 10 11 12 13 14 | 15 16 17 18 19 20 21 22 23

EFC_ISLAND            2 1 1 1 1 1 1 1 1 2 2 2 2 2 2 2 2 2 0 0 0 0 0 0 0 0 0 0 0 0 0 0 0 0 2 2 2 2

ISLAND_NEFC           16 8 14

ISLAND_IEFCADR        0 16 24

MAP_IEFC2EFC          18 19 20 21 22 23 24 25 26 27 28 29 30 31 32 33 | 1 2 3 4 5 6 7 8 | 0 9 10 11 12 13 14 15 16 17 34 35 36 37

TENDON_EFCADR         -1 -1

